<?xml version="1.0" encoding="UTF-8" standalone="no"?>
<!DOCTYPE svg PUBLIC "-//W3C//DTD SVG 20010904//EN"
              "http://www.w3.org/TR/2001/REC-SVG-20010904/DTD/svg10.dtd">

<svg xmlns="http://www.w3.org/2000/svg"
     width="5.20768in" height="2.60384in"
     viewBox="0 0 500 250">
  <path id="Namnlös"
        fill="none" stroke="black" stroke-width="1"
        d="M 2.00,153.00
           C 6.56,153.79 49.02,242.10 45.00,239.00
             42.08,229.52 92.16,181.03 94.00,187.00
             114.44,183.97 164.23,242.08 158.00,243.00
             163.01,238.12 218.14,204.17 206.00,216.00
             221.75,215.92 258.06,246.97 253.00,247.00
             250.49,246.38 268.76,224.20 276.00,226.00
             278.67,224.67 306.67,238.67 304.00,240.00
             304.00,240.00 321.00,234.00 321.00,234.00
             319.74,233.68 340.39,243.59 342.00,244.00
             342.00,244.00 492.00,247.00 492.00,247.00" />
</svg>
