<?xml version="1.0" encoding="UTF-8" standalone="no"?>
<!DOCTYPE svg PUBLIC "-//W3C//DTD SVG 20010904//EN"
              "http://www.w3.org/TR/2001/REC-SVG-20010904/DTD/svg10.dtd">

<svg xmlns="http://www.w3.org/2000/svg"
     width="5.20768in" height="2.60384in"
     viewBox="0 0 500 250">
  <path id="Markering"
        fill="none" stroke="black" stroke-width="1"
        d="M 14.25,164.00
           C 14.25,164.00 22.75,180.00 22.75,180.00
             22.75,180.00 30.25,196.00 30.25,196.00
             35.04,205.53 45.18,222.95 47.00,233.00
             50.77,230.21 53.87,222.39 56.69,218.00
             62.74,208.61 77.42,188.22 87.00,183.31
             96.50,178.45 107.64,185.73 115.00,191.16
             125.26,198.72 144.12,217.96 151.99,228.00
             151.99,228.00 164.00,245.00 164.00,245.00
             166.97,239.46 171.49,235.35 176.00,231.04
             186.07,221.41 195.55,213.02 210.00,211.31
             214.63,210.77 216.77,212.63 221.00,213.00
             221.00,213.00 228.00,217.93 228.00,217.93
             231.39,220.34 236.00,224.16 239.00,227.04
             244.45,232.26 249.53,239.94 256.00,243.00
             259.06,236.54 269.72,228.16 277.00,227.22
             279.91,226.85 284.11,227.71 286.83,228.79
             286.83,228.79 302.00,236.31 302.00,236.31
             303.86,237.31 306.94,239.36 309.00,239.42
             313.38,239.57 318.91,231.74 327.00,233.31
             332.43,234.37 339.44,241.84 346.42,243.16
             346.42,243.16 365.00,245.00 365.00,245.00
             365.00,245.00 385.00,246.00 385.00,246.00
             385.00,246.00 421.00,246.00 421.00,246.00
             421.00,246.00 438.00,247.00 438.00,247.00
             438.00,247.00 470.00,247.00 470.00,247.00
             477.58,246.99 487.40,244.17 494.00,248.00
             494.00,248.00 368.00,248.00 368.00,248.00
             368.00,248.00 353.00,249.00 353.00,249.00
             353.00,249.00 348.00,249.00 348.00,249.00
             348.00,249.00 349.00,247.00 349.00,247.00
             349.00,247.00 332.00,250.00 332.00,250.00
             332.00,250.00 327.00,239.00 327.00,239.00
             327.00,239.00 328.00,250.00 328.00,250.00
             328.00,250.00 326.00,239.00 326.00,239.00
             326.00,239.00 322.00,239.00 322.00,239.00
             322.00,239.00 323.00,250.00 323.00,250.00
             323.00,250.00 321.00,241.00 321.00,241.00
             317.16,243.60 318.47,245.83 319.00,250.00
             316.24,247.20 316.32,246.88 316.00,243.00
             316.00,243.00 311.00,245.00 311.00,245.00
             311.00,245.00 312.00,248.00 312.00,248.00
             306.87,246.77 307.62,247.83 303.00,250.00
             303.00,250.00 305.00,246.00 305.00,246.00
             305.00,246.00 298.00,243.00 298.00,243.00
             298.00,243.00 298.00,250.00 298.00,250.00
             298.00,250.00 295.00,247.00 295.00,247.00
             295.00,247.00 293.00,250.00 293.00,250.00
             293.00,250.00 294.00,239.00 294.00,239.00
             294.00,239.00 289.00,237.00 289.00,237.00
             289.00,237.00 288.00,250.00 288.00,250.00
             288.00,250.00 284.00,250.00 284.00,250.00
             284.00,250.00 285.00,234.00 285.00,234.00
             285.00,234.00 279.00,232.00 279.00,232.00
             279.00,232.00 276.00,250.00 276.00,250.00
             276.00,250.00 275.00,247.00 275.00,247.00
             275.00,247.00 273.00,250.00 273.00,250.00
             273.00,250.00 275.00,234.00 275.00,234.00
             265.31,240.27 271.12,241.79 267.00,250.00
             267.00,250.00 265.00,250.00 265.00,250.00
             265.00,250.00 266.00,241.00 266.00,241.00
             262.07,243.89 260.49,244.99 260.00,250.00
             260.00,250.00 248.00,250.00 248.00,250.00
             245.51,244.73 241.68,241.35 237.00,238.00
             237.00,238.00 237.00,250.00 237.00,250.00
             237.00,250.00 231.00,250.00 231.00,250.00
             231.00,237.92 233.77,232.09 221.96,225.00
             221.96,225.00 221.96,240.00 221.96,240.00
             221.96,240.00 221.00,250.00 221.00,250.00
             221.00,250.00 215.00,250.00 215.00,250.00
             215.00,250.00 217.00,220.00 217.00,220.00
             210.30,217.77 209.45,216.29 202.00,217.00
             203.63,223.68 205.40,243.95 203.00,250.00
             203.00,250.00 198.00,250.00 198.00,250.00
             198.00,250.00 197.18,228.00 197.18,228.00
             197.18,228.00 198.00,220.00 198.00,220.00
             198.00,220.00 189.02,228.04 189.02,228.04
             189.02,228.04 187.00,250.00 187.00,250.00
             187.00,250.00 182.00,250.00 182.00,250.00
             182.00,250.00 182.00,233.00 182.00,233.00
             177.45,237.55 169.34,243.31 169.00,250.00
             169.00,250.00 153.00,250.00 153.00,250.00
             152.56,245.63 149.42,242.39 146.79,239.00
             142.84,233.90 141.19,229.94 136.00,226.00
             136.00,226.00 137.00,250.00 137.00,250.00
             137.00,250.00 131.00,250.00 131.00,250.00
             131.00,250.00 130.00,224.00 130.00,224.00
             130.00,224.00 128.98,218.17 128.98,218.17
             128.98,218.17 114.00,203.00 114.00,203.00
             114.00,203.00 115.00,215.00 115.00,215.00
             115.00,215.00 116.00,250.00 116.00,250.00
             116.00,250.00 114.00,247.00 114.00,247.00
             114.00,247.00 109.00,250.00 109.00,250.00
             109.00,250.00 109.00,220.00 109.00,220.00
             109.00,220.00 108.00,196.00 108.00,196.00
             100.11,193.09 99.12,189.83 90.00,189.00
             90.00,189.00 91.00,212.00 91.00,212.00
             91.00,212.00 91.00,250.00 91.00,250.00
             91.00,250.00 83.00,250.00 83.00,250.00
             83.00,250.00 83.00,230.00 83.00,230.00
             83.00,230.00 82.00,207.00 82.00,207.00
             82.00,207.00 83.00,193.00 83.00,193.00
             79.23,195.76 74.39,200.53 72.73,205.00
             71.64,207.97 72.00,216.43 72.00,220.00
             72.00,220.00 72.00,250.00 72.00,250.00
             72.00,250.00 65.00,250.00 65.00,250.00
             65.00,250.00 65.00,232.00 65.00,232.00
             65.00,232.00 67.00,215.00 67.00,215.00
             62.95,218.97 54.22,233.44 53.56,239.00
             53.17,242.23 54.52,246.60 55.00,250.00
             40.69,246.95 50.50,248.53 39.00,250.00
             39.09,245.41 37.16,242.14 35.42,238.00
             35.42,238.00 26.26,217.00 26.26,217.00
             24.01,212.35 23.63,208.70 19.00,206.00
             19.00,206.00 17.00,250.00 17.00,250.00
             17.00,250.00 11.00,250.00 11.00,250.00
             11.00,250.00 11.00,236.00 11.00,236.00
             11.00,236.00 12.00,221.00 12.00,221.00
             12.00,221.00 12.00,198.00 12.00,198.00
             11.98,183.41 3.13,175.74 0.25,166.00
             0.25,166.00 0.25,141.00 0.25,141.00
             6.39,147.46 10.21,155.98 14.25,164.00 Z
           M 333.00,243.00
           C 333.00,243.00 332.00,244.00 332.00,244.00
             332.00,244.00 333.00,249.00 333.00,249.00
             333.00,249.00 338.00,245.00 338.00,245.00
             338.00,245.00 333.00,243.00 333.00,243.00 Z" />
</svg>
